counting 10000000 1000000 964
counting 10000000 1000000 864
counting 10000000 1000000 828
counting 10000000 1000000 988
counting 10000000 1000000 949
counting 10000000 1000000 780
counting 10000000 1000000 1014
counting 10000000 1000000 833
counting 10000000 1000000 921
counting 10000000 1000000 973
counting 10000000 1000000 1244
counting 10000000 1000000 969
counting 10000000 1000000 882
counting 10000000 1000000 786
counting 10000000 1000000 1024
counting 10000000 1000000 923
counting 10000000 1000000 829
counting 10000000 1000000 869
counting 10000000 1000000 952
counting 10000000 1000000 1061
counting 10000000 1000000 977
counting 10000000 1000000 834
counting 10000000 1000000 835
counting 10000000 1000000 884
counting 10000000 1000000 950
counting 10000000 1000000 875
counting 10000000 1000000 1005
counting 10000000 1000000 902
counting 10000000 1000000 968
counting 10000000 1000000 953
counting 10000000 1000000 883
counting 10000000 1000000 1003
counting 10000000 1000000 1001
counting 10000000 1000000 865
counting 10000000 1000000 1015
counting 10000000 1000000 899
counting 10000000 1000000 953
counting 10000000 1000000 886
counting 10000000 1000000 925
counting 10000000 1000000 854
counting 10000000 1000000 883
counting 10000000 1000000 938
counting 10000000 1000000 894
counting 10000000 1000000 973
counting 10000000 1000000 964
counting 10000000 1000000 978
counting 10000000 1000000 771
counting 10000000 1000000 926
counting 10000000 1000000 828
counting 10000000 1000000 805
counting 10000000 1000000 881
counting 10000000 1000000 899
counting 10000000 1000000 805
counting 10000000 1000000 819
counting 10000000 1000000 828
counting 10000000 1000000 857
counting 10000000 1000000 801
counting 10000000 1000000 1033
counting 10000000 1000000 988
counting 10000000 1000000 1006
counting 10000000 1000000 863
counting 10000000 1000000 850
counting 10000000 1000000 914
counting 10000000 1000000 1017
counting 10000000 1000000 969
counting 10000000 1000000 919
counting 10000000 1000000 999
counting 10000000 1000000 838
counting 10000000 1000000 749
counting 10000000 1000000 857
counting 10000000 1000000 763
counting 10000000 1000000 751
counting 10000000 1000000 944
counting 10000000 1000000 553
counting 10000000 1000000 536
counting 10000000 1000000 513
counting 10000000 1000000 569
counting 10000000 1000000 506
counting 10000000 1000000 526
counting 10000000 1000000 533
counting 10000000 1000000 505
counting 10000000 1000000 531
counting 10000000 1000000 508
counting 10000000 1000000 531
counting 10000000 1000000 531
counting 10000000 1000000 545
counting 10000000 1000000 539
counting 10000000 1000000 517
counting 10000000 1000000 534
counting 10000000 1000000 522
counting 10000000 1000000 537
counting 10000000 1000000 518
counting 10000000 1000000 562
counting 10000000 1000000 497
counting 10000000 1000000 521
counting 10000000 1000000 515
counting 10000000 1000000 519
counting 10000000 1000000 520
counting 10000000 1000000 523
counting 10000000 1000000 513
counting 10000000 1000000 509
counting 10000000 1000000 502
counting 10000000 1000000 502
counting 10000000 1000000 488
counting 10000000 1000000 502
counting 10000000 1000000 516
