merge 10000000 1000000 4809
merge 10000000 1000000 4302
merge 10000000 1000000 4505
merge 10000000 1000000 4569
merge 10000000 1000000 4608
merge 10000000 1000000 4720
merge 10000000 1000000 4240
merge 10000000 1000000 5128
merge 10000000 1000000 4490
merge 10000000 1000000 4483
merge 10000000 1000000 3871
merge 10000000 1000000 4498
merge 10000000 1000000 4629
merge 10000000 1000000 4200
merge 10000000 1000000 4216
merge 10000000 1000000 4316
merge 10000000 1000000 3480
merge 10000000 1000000 5621
merge 10000000 1000000 4598
merge 10000000 1000000 3940
merge 10000000 1000000 4417
merge 10000000 1000000 4226
merge 10000000 1000000 4115
merge 10000000 1000000 3980
merge 10000000 1000000 4248
merge 10000000 1000000 4281
merge 10000000 1000000 4501
merge 10000000 1000000 4686
merge 10000000 1000000 4664
merge 10000000 1000000 4916
merge 10000000 1000000 4858
merge 10000000 1000000 4780
merge 10000000 1000000 5490
merge 10000000 1000000 4734
merge 10000000 1000000 4406
merge 10000000 1000000 4000
merge 10000000 1000000 5488
merge 10000000 1000000 4549
merge 10000000 1000000 4890
merge 10000000 1000000 4641
merge 10000000 1000000 4493
merge 10000000 1000000 4747
merge 10000000 1000000 4739
merge 10000000 1000000 4846
merge 10000000 1000000 5242
merge 10000000 1000000 5424
merge 10000000 1000000 4446
merge 10000000 1000000 4284
merge 10000000 1000000 4356
merge 10000000 1000000 4679
merge 10000000 1000000 4516
merge 10000000 1000000 5286
merge 10000000 1000000 4472
merge 10000000 1000000 4820
merge 10000000 1000000 4581
merge 10000000 1000000 4933
merge 10000000 1000000 4702
merge 10000000 1000000 4151
merge 10000000 1000000 4159
merge 10000000 1000000 4642
merge 10000000 1000000 4369
merge 10000000 1000000 4130
merge 10000000 1000000 4494
merge 10000000 1000000 4301
merge 10000000 1000000 4755
merge 10000000 1000000 4632
merge 10000000 1000000 4883
merge 10000000 1000000 4578
merge 10000000 1000000 5134
merge 10000000 1000000 4643
merge 10000000 1000000 4464
merge 10000000 1000000 4065
merge 10000000 1000000 4575
merge 10000000 1000000 4210
merge 10000000 1000000 4373
merge 10000000 1000000 4664
merge 10000000 1000000 4394
merge 10000000 1000000 4006
merge 10000000 1000000 4984
merge 10000000 1000000 4561
merge 10000000 1000000 4159
merge 10000000 1000000 4362
merge 10000000 1000000 3971
merge 10000000 1000000 4246
merge 10000000 1000000 4439
merge 10000000 1000000 4372
merge 10000000 1000000 4038
merge 10000000 1000000 4485
merge 10000000 1000000 4800
merge 10000000 1000000 4761
merge 10000000 1000000 5113
merge 10000000 1000000 4876
merge 10000000 1000000 4294
merge 10000000 1000000 4359
merge 10000000 1000000 4109
merge 10000000 1000000 4213
merge 10000000 1000000 4178
merge 10000000 1000000 4278
merge 10000000 1000000 4190
merge 10000000 1000000 4300
merge 10000000 1000000 4050
merge 10000000 1000000 4462
merge 10000000 1000000 4155
merge 10000000 1000000 4022
merge 10000000 1000000 4194
merge 10000000 1000000 4385
