quick 10000000 1000000 1879
quick 10000000 1000000 2013
quick 10000000 1000000 1919
quick 10000000 1000000 1911
quick 10000000 1000000 1934
quick 10000000 1000000 1919
quick 10000000 1000000 2054
quick 10000000 1000000 2154
quick 10000000 1000000 1908
quick 10000000 1000000 1899
quick 10000000 1000000 1971
quick 10000000 1000000 1823
quick 10000000 1000000 1945
quick 10000000 1000000 2005
quick 10000000 1000000 1965
quick 10000000 1000000 1905
quick 10000000 1000000 1817
quick 10000000 1000000 1937
quick 10000000 1000000 1843
quick 10000000 1000000 1812
quick 10000000 1000000 1972
quick 10000000 1000000 1878
quick 10000000 1000000 1655
quick 10000000 1000000 2037
quick 10000000 1000000 1904
quick 10000000 1000000 1847
quick 10000000 1000000 1936
quick 10000000 1000000 2121
quick 10000000 1000000 1868
quick 10000000 1000000 1887
quick 10000000 1000000 1880
quick 10000000 1000000 2022
quick 10000000 1000000 1747
quick 10000000 1000000 1900
quick 10000000 1000000 1824
quick 10000000 1000000 1750
quick 10000000 1000000 1871
quick 10000000 1000000 1999
quick 10000000 1000000 1800
quick 10000000 1000000 1746
quick 10000000 1000000 1954
quick 10000000 1000000 2094
quick 10000000 1000000 1722
quick 10000000 1000000 1795
quick 10000000 1000000 1829
quick 10000000 1000000 1807
quick 10000000 1000000 1951
quick 10000000 1000000 1765
quick 10000000 1000000 1710
quick 10000000 1000000 1691
quick 10000000 1000000 1898
quick 10000000 1000000 1794
quick 10000000 1000000 1859
quick 10000000 1000000 2070
quick 10000000 1000000 1743
quick 10000000 1000000 1751
quick 10000000 1000000 1898
quick 10000000 1000000 1678
quick 10000000 1000000 2202
quick 10000000 1000000 1605
quick 10000000 1000000 1889
quick 10000000 1000000 1725
quick 10000000 1000000 1848
quick 10000000 1000000 1950
quick 10000000 1000000 2053
quick 10000000 1000000 1921
quick 10000000 1000000 1835
quick 10000000 1000000 1755
quick 10000000 1000000 1630
quick 10000000 1000000 1980
quick 10000000 1000000 1983
quick 10000000 1000000 1786
quick 10000000 1000000 1811
quick 10000000 1000000 1947
quick 10000000 1000000 1807
quick 10000000 1000000 1843
quick 10000000 1000000 1869
quick 10000000 1000000 1879
quick 10000000 1000000 1917
quick 10000000 1000000 2207
quick 10000000 1000000 1928
quick 10000000 1000000 1898
quick 10000000 1000000 2121
quick 10000000 1000000 1892
quick 10000000 1000000 1918
quick 10000000 1000000 1994
quick 10000000 1000000 2003
quick 10000000 1000000 1802
quick 10000000 1000000 2041
quick 10000000 1000000 2076
quick 10000000 1000000 1914
quick 10000000 1000000 1915
quick 10000000 1000000 1811
quick 10000000 1000000 1790
quick 10000000 1000000 2070
quick 10000000 1000000 1828
quick 10000000 1000000 2039
quick 10000000 1000000 1917
quick 10000000 1000000 2000
quick 10000000 1000000 1949
quick 10000000 1000000 1871
quick 10000000 1000000 2038
quick 10000000 1000000 2008
quick 10000000 1000000 1709
quick 10000000 1000000 1893
quick 10000000 1000000 1828
